1  0     7
0  1     3
2  0     8
1  1     10
1  1     6
0  2     5
1  0     7
3  0     10
2  1     15
1  0     13
0  1     3
2  1     13
1  2     10
1  0     13
0  1     3
2  1     13
1  2     10
0  1     3
1  2     9
0  3     7
2  0     8
3  1     13
2  0     8
1  1     6
3  1     13
2  2     18
2  0     8
1  1     6
2  0     8
1  1     6
3  1     13
2  2     18
1  1     6
0  2     5
2  2     14
1  3     18
2  0     8
1  1     6
2  0     8
1  1     6
3  1     13
2  2     18
1  1     6
0  2     5
2  2     14
1  3     18
1  1     6
0  2     5
2  2     14
1  3     18
0  2     5
1  3     16
0  4     16
3  0     10
2  1     13
3  2     17
2  1     13
1  2     9
3  2     18
2  3     19
2  1     13
1  2     9
3  2     18
2  3     19
2  1     13
1  2     9
3  2     18
2  3     19
1  2     9
0  3     7
2  3     21
1  4     25
2  1     13
1  2     9
3  2     18
2  3     19
2  1     13
1  2     9
3  2     18
2  3     19
1  2     9
0  3     7
2  3     21
1  4     25
2  1     13
1  2     9
3  2     18
2  3     19
1  2     9
0  3     7
2  3     21
1  4     25
1  2     9
0  3     7
2  3     21
1  4     25
0  3     7
1  4     25
3  1     13
2  2     14
3  3     25
3  1     13
2  2     14
3  3     25
2  2     14
1  3     16
3  3     28
2  4     24
3  1     13
2  2     14
3  3     25
2  2     14
1  3     16
3  3     28
2  4     24
3  1     13
2  2     14
3  3     25
2  2     14
1  3     16
3  3     28
2  4     24
2  2     14
1  3     16
3  3     28
2  4     24
1  3     16
0  4     16
2  4     24
3  1     13
2  2     14
3  3     25
2  2     14
1  3     16
3  3     28
2  4     24
3  1     13
2  2     14
3  3     25
2  2     14
1  3     16
3  3     28
2  4     24
2  2     14
1  3     16
3  3     28
2  4     24
1  3     16
0  4     16
2  4     24
3  1     13
2  2     14
3  3     25
2  2     14
1  3     16
3  3     28
2  4     24
2  2     14
1  3     16
3  3     28
2  4     24
1  3     16
0  4     16
2  4     24
2  2     14
1  3     16
3  3     28
2  4     24
1  3     16
0  4     16
2  4     24
1  3     16
0  4     16
2  4     24
3  2     18
2  3     21
3  4     33
3  2     18
2  3     21
3  4     33
3  2     18
2  3     21
3  4     33
2  3     21
1  4     33
3  4     29
3  2     18
2  3     21
3  4     33
3  2     18
2  3     21
3  4     33
2  3     21
1  4     33
3  4     29
3  2     18
2  3     21
3  4     33
3  2     18
2  3     21
3  4     33
2  3     21
1  4     33
3  4     29
3  2     18
2  3     21
3  4     33
2  3     21
1  4     33
3  4     29
3  2     18
2  3     21
3  4     33
3  2     18
2  3     21
3  4     33
2  3     21
1  4     33
3  4     29
3  2     18
2  3     21
3  4     33
3  2     18
2  3     21
3  4     33
2  3     21
1  4     33
3  4     29
3  2     18
2  3     21
3  4     33
2  3     21
1  4     33
3  4     29
3  2     18
2  3     21
3  4     33
3  2     18
2  3     21
3  4     33
2  3     21
1  4     33
3  4     29
3  2     18
2  3     21
3  4     33
2  3     21
1  4     33
3  4     29
3  2     18
2  3     21
3  4     33
2  3     21
1  4     33
3  4     29
3  3     28
2  4     24
3  3     28
2  4     24
3  3     28
2  4     24
1  3     16
0  4     16
2  4     24
3  3     28
2  4     24
3  3     28
2  4     24
3  3     28
2  4     24
1  3     16
0  4     16
2  4     24
3  3     28
2  4     24
3  3     28
2  4     24
3  3     28
2  4     24
1  3     16
0  4     16
2  4     24
3  3     28
2  4     24
3  3     28
2  4     24
1  3     16
0  4     16
2  4     24
3  3     28
2  4     24
3  3     28
2  4     24
3  3     28
2  4     24
1  3     16
0  4     16
2  4     24
3  3     28
2  4     24
3  3     28
2  4     24
3  3     28
2  4     24
1  3     16
0  4     16
2  4     24
3  3     28
2  4     24
3  3     28
2  4     24
1  3     16
0  4     16
2  4     24
3  3     28
2  4     24
3  3     28
2  4     24
3  3     28
2  4     24
1  3     16
0  4     16
2  4     24
3  3     28
2  4     24
3  3     28
2  4     24
1  3     16
0  4     16
2  4     24
3  3     28
2  4     24
3  3     28
2  4     24
1  3     16
0  4     16
2  4     24
3  3     28
2  4     24
29
